1000
39425
47105
45267
45974
43986
42280
49875
44861
47196
45707
45952
44159
47244
40413
42035
48927
40961
45914
49677
48353
38212
43151
43048
48332
48590
46684
40859
40998
45948
49799
39579
48567
47258
46721
46169
38558
49167
42957
42204
31049
47606
47840
43724
32929
49204
39444
39013
44408
46492
47828
45333
31125
45628
47317
42895
36657
34212
49485
39705
44699
44070
38833
42997
39709
40653
48402
46465
42808
40982
49720
42526
37806
40667
42096
33138
41006
45936
40876
49223
25641
41389
30992
45654
39762
45584
47017
36625
43847
45266
37692
41483
42336
47195
39767
48565
43095
37028
47798
43741
43851
35325
45999
37387
42298
46576
46541
47901
45689
36775
42160
47080
35832
39640
39528
33045
37430
49060
35227
47623
28730
39402
46315
39903
41149
29692
41155
47870
48589
49821
37572
49583
40638
35328
44233
35969
45878
48015
46298
47073
37203
47702
42476
39048
46378
48877
35817
36263
33919
34217
49492
47161
49941
47680
49047
45176
44606
37984
40037
38642
33826
44341
40100
36889
47405
39633
48514
49419
48677
44406
46530
45490
38024
37445
40748
43794
39597
50036
37317
49513
46275
44484
41955
49510
27778
31373
34150
39397
49994
48806
46548
46518
36380
49483
45796
46748
42319
38654
45627
29957
30615
43308
46305
46338
44821
43260
31179
39676
39747
35933
38679
46419
48489
40372
43440
35376
39151
49008
43820
45505
24509
47928
45567
48418
40980
21396
47229
40913
37778
42522
49595
35630
35567
44273
42098
35315
39876
42050
32757
38576
44968
40389
45862
35514
36331
32205
30393
44014
36095
48280
47572
41691
39500
41841
48100
44277
32830
44717
49740
39462
47315
43408
44235
19949
41234
34056
46208
43710
45832
36061
42182
44312
43723
46476
48425
38749
38337
46785
46561
46178
42031
38948
40123
34868
35618
46067
39821
44938
47601
42530
46121
35682
47029
34295
49362
38934
44002
32123
46066
42841
42289
46709
42447
44783
36147
33226
38890
48698
41702
36414
39218
38245
49500
34987
40637
43299
39363
44101
49706
38026
43092
41073
49518
38962
46957
46909
46293
42964
43881
40209
44276
44309
37243
41216
48822
48618
45343
38269
44925
42474
30569
49220
48471
45254
46118
44613
35171
30754
37078
43107
35876
40069
39894
29512
49947
39286
42864
40766
45703
48211
45816
47295
48063
35228
46019
44463
46816
47559
45994
35222
49715
38615
43904
44259
48345
44986
47996
46191
44485
41536
44075
42631
37073
31215
31776
32423
37437
43629
41426
42438
44653
40310
44334
46347
46421
45598
29670
48286
34638
45558
40315
41428
38078
38418
47189
42099
31380
33588
43511
43825
16878
36129
47932
35191
43322
42432
42880
46632
40583
45488
40745
42010
48464
49429
44843
45998
49367
49430
42102
44911
46320
37270
47903
47723
49122
44329
41361
41238
46930
38922
34958
47618
38435
45471
35902
45009
20722
34948
46153
44698
49163
40016
41469
38607
32374
46813
39368
49729
34748
41707
38599
45726
42908
37169
49990
42581
26810
44813
37601
49702
40313
46336
41475
43089
44437
43085
49190
43364
47305
29474
24817
40609
30205
41901
44566
41417
46636
48603
49516
27698
44838
48322
39153
35143
36975
45507
46062
45609
42576
47323
37252
42988
44136
45745
34984
30116
49624
41140
47154
43674
44785
46798
49768
35249
46291
32451
44129
23713
48732
41396
39225
44126
44956
42593
41513
35629
45216
32647
44896
48149
39007
44839
33092
26921
45993
49519
36796
45140
41111
35632
45795
42587
36670
43623
45533
46745
48426
32855
42863
44477
39393
44416
48417
35775
21780
46648
21161
43249
46799
47807
29674
48013
36221
45210
43756
47127
46359
44239
45388
31777
49203
44218
34072
46502
48718
41337
44182
43373
48939
45871
19065
31730
39209
41975
36876
49353
40707
42061
48240
47016
41116
38565
41799
35843
37904
48397
33742
30542
48413
45303
50108
44790
45662
38343
37633
40916
37494
47083
38529
48248
35527
38287
47364
46088
38147
42887
37939
45970
48154
50098
39716
42534
48511
38808
47264
44609
48929
34019
45368
46064
44472
48687
43217
34573
48316
20678
46643
48824
32715
47401
31341
46183
27871
23133
48952
43784
46621
45594
35044
43856
41652
45676
36944
30044
48620
39207
40555
47884
49134
40085
45022
45460
43952
37328
46952
33530
45602
45975
40530
40706
46453
39934
34286
38775
47261
44150
49040
35735
42377
48293
43917
41094
42752
40717
46467
32032
41537
42141
31245
48655
30674
43524
24926
38848
47277
44522
42743
39184
47494
43819
46394
29297
28787
37698
33503
49113
50107
34332
27265
46773
49048
39430
35736
35421
30870
33443
43667
43296
38907
32064
50024
41718
47418
40598
43099
40917
43933
43213
28574
40377
33465
41961
44640
46171
47443
44403
48968
44524
34705
41678
36104
33296
49912
46185
45756
31385
29893
44825
32692
32101
43795
29339
48869
45355
45601
43671
41857
40600
40254
22942
46706
28914
31497
44151
49843
39380
48578
45597
43944
47711
49195
48518
39290
34156
43601
43116
47656
45843
33122
44673
43919
35799
42876
30276
32685
46855
40644
35507
29599
45378
47342
41644
48975
49635
33957
47655
31454
46040
46232
46756
46429
29449
48696
46669
38999
46713
36820
45197
49909
29675
47693
47733
34648
35965
47090
48052
44526
41412
39660
43639
38428
41856
45268
35915
40524
39926
44256
46289
47913
35578
32770
44807
46571
44511
34760
41751
48780
45798
40838
48742
48053
47380
40878
37045
44138
38851
45362
48007
40395
37020
45898
49874
45426
36959
40246
48740
49002
43427
44139
49127
45521
42620
48202
27150
30525
41178
37473
24127
48827
49120
41790
43342
36784
44826
41228
23766
47713
38068
46948
43574
28675
49023
37125
49266
43353
46380
45762
24253
45632
42229
40286
47753
46593
46069
43318
48829
32592
44539
34603
47009
49657
49058
42276
49312
44720
48203
37006
47287
43463
26639
29991
45208
47382
44241
27677
48392
36991
48146
40095
49268
46899
44942
46310
49884
48127
43234
48223
38893
42076
43525
33263
43974
48486
49856
49044
36656
46038
27348
37139
47966
36772
32753
48018
33708
39169
45962
48169
43949
39294
42173
43967
45475
42207
32513
44863
41839
48110
29388
31117
45879
44319
35521
46608
45776
47544
45224
42867
42068
48647
30719
46427
42551
43617
49508
48601
49630
47922
37830
49840
31611
41545
44885
43770
41167
29743
39431
47982
42029
49551
49270
49230
46488
43557
46746
49978
46418
47457
46726
44132
45968
39082
